goldLabel	predictedLabel	a	e	i	o	u	ɛ	ɔ
a	a	0.9980148905431032	0.0012901271953454753	7.914977204454872e-05	0.000591251205776416	2.458128373021752e-05
a	a	0.9952242328615875	0.00329410095500649	0.0003140707417124897	0.0009622482305338272	0.00020534721115967252
a	a	0.9690649563943999	0.015145303901735166	0.0011864112410301286	0.011190295225371752	0.0034130332374630126
a	a	0.9962142841167931	0.0032447031369340143	0.0002717222839914667	0.00024690579362089395	2.2384668660645514e-05
a	a	0.46095729467976615	0.024301450892098078	0.0037184752396439745	0.44371910824895	0.06730367093954162
a	a	0.9994624175925048	0.00032778235641298483	3.756371119760162e-05	0.0001432474142747856	2.898892560984644e-05
a	a	0.9992947443234182	0.0003436291606190205	6.7076989711012526e-06	0.0003529736475790243	1.9451694124662633e-06
a	e	0.31519621109701623	0.6796044738288458	0.0023347118497246623	0.0028024909696377663	6.21122547753856e-05
a	a	0.9991847496689052	0.0007987038300508764	1.558989831079732e-05	9.50180175953576e-07	6.422556837045691e-09
a	o	0.13890340690286074	0.1080322998979042	0.19423124024248936	0.4833562765061356	0.07547677645061014
a	a	0.9920511055702725	0.007078338441612587	0.0006098288001711493	0.00022816479817657032	3.256238976701734e-05
a	a	0.9942447840451786	0.005492717537613166	0.000201059975358997	5.94865400140221e-05	1.9519018351983775e-06
a	a	0.8312818794987464	0.16275499869921364	0.00434474691890593	0.001551380491270168	6.699439186398723e-05
a	a	0.994507118665843	0.004759368958665857	0.0003071402849127485	0.0004007259171128013	2.5646173465655886e-05
a	e	0.35785043155224133	0.6350562944507279	0.004885189673968681	0.002092817937136119	0.00011526638592606831
a	a	0.9763216160589335	0.01382480263115044	0.0007463992668675696	0.006576419289401784	0.0025307627536467416
a	a	0.9916999994230289	0.007478513607133821	0.0004511237394929399	0.0003251442941764766	4.521893616771894e-05
a	a	0.9064045784740774	0.007990476617361476	0.0011375047885187315	0.07577297248623364	0.008694467633808963
a	a	0.994642700493102	0.005066319695940146	0.00021885555553512135	7.044258657185907e-05	1.6816688509244736e-06
a	a	0.9983564282575629	0.0006459675425114499	1.48679056224367e-05	0.0009747675624346644	7.968731868649313e-06
e	a	0.5548579422054176	0.08710280162326411	0.006921396674415908	0.32842379950405004	0.022694059992852244
e	e	0.1159519912422244	0.8749634611854092	0.0062714072702848	0.0025415484825238597	0.0002715918195577773
e	e	0.0339741185000856	0.9355394870316277	0.026304041619003633	0.004119789586204265	6.256326307875003e-05
e	e	0.11654658254262229	0.8560964558553289	0.021928392344039482	0.005281139432311647	0.00014742982569763112
e	e	0.0498737667373319	0.530469349463561	0.2377397945233945	0.06116654382281563	0.12075054545289715
e	a	0.8606387734715982	0.12536026430761757	0.003650302914942665	0.01002188473431731	0.0003287745715242783
e	a	0.8806511270174194	0.059733933477572866	0.0036175466807740393	0.053463592395223296	0.002533800429010365
e	e	0.11347668856177558	0.8482607088276365	0.028463149954798924	0.00731940328243762	0.002480049373351402
e	o	0.2892435723016955	0.10740960846079285	0.010305200909286764	0.5301538941115066	0.06288772421671818
e	e	0.0781739761223818	0.8463544955911954	0.03160959775986109	0.03314579504734834	0.010716135479213375
e	a	0.6873246953052148	0.2366354377084607	0.014556654248554216	0.05455207040391677	0.00693114233385341
e	e	0.043885367882617134	0.9067924744149669	0.04349896678995696	0.0053462313146028125	0.0004769595978561677
e	e	0.028747434656797504	0.925864731273254	0.032032140687306886	0.012607696747283641	0.0007479966353580673
e	e	0.059779002704865906	0.8909952785042381	0.031574829601060096	0.012567249650481872	0.00508363953935392
e	e	0.02458699799178564	0.8659606435598932	0.10252641014461954	0.005476655641157188	0.0014492926625444328
e	e	0.04903330392268478	0.8712098800580366	0.06419979126841303	0.012704569808268337	0.0028524549425973586
e	a	0.6674907816095563	0.3279396424643069	0.0021067933436292358	0.002418784112007052	4.3998470500486575e-05
e	i	0.004923966588087082	0.32109953045429185	0.6521379314514046	0.00785421616744103	0.013984355338775411
e	e	0.028937693464513692	0.8569249091560366	0.10767456349064623	0.0056754988118902115	0.0007873350769133764
e	a	0.7266297884940668	0.24382360395674652	0.018578973771591584	0.006282125041813943	0.004685508735781117
i	i	1.6540855901997067e-05	0.0025561709655763628	0.9883148542929708	0.0004514518443829302	0.008660982041167636
i	i	2.628555296954634e-05	0.0048591032060249974	0.9933292942603221	0.00047626452203534096	0.0013090524586480594
i	i	1.2039985311972377e-05	0.0019524624702984626	0.9977183748073861	3.9367103196998084e-05	0.0002777556338063946
i	i	4.1142465059747514e-05	0.00814588619413831	0.9894525469475633	0.000783093634324684	0.001577330758913873
i	i	0.0037473903525769227	0.3268031186328229	0.6675538810895078	0.0007284467695417925	0.0011671631555507428
i	i	9.425120246364295e-06	0.0014515560313218042	0.9963077994048594	0.00033528207798375504	0.0018959373655887284
i	i	0.0004651610227394189	0.05090494016088455	0.9245263820771847	0.0033034036513873636	0.020800113087803686
i	i	6.405212083876021e-05	0.033145294097067055	0.9650525763840718	0.000787612950130741	0.0009504644478916194
i	i	4.9784625038427086e-05	0.017703907940160826	0.981406150188799	0.00010417272205735768	0.0007359845239444094
i	i	0.00019168742426695746	0.15796886607970254	0.8351705442936596	0.00147603674101765	0.005192865461353285
i	i	0.00010059416601607424	0.01501945549552589	0.981081828339747	0.00045467341678437665	0.003343448581926604
i	i	0.0002450163167900165	0.014765936904909363	0.9810423611181179	0.001477582375714332	0.0024691032844683498
i	i	4.258926770860029e-05	0.005493255348658643	0.993260530210473	0.00020291617779620222	0.0010007089953636922
i	e	0.014152732423625296	0.8388149144866897	0.13599991863304559	0.009525981993843679	0.0015064524627957248
i	i	5.603801282761394e-05	0.007119119213564948	0.9924964354726776	0.0001255592077831958	0.0002028480931465156
i	i	0.00015914750483325726	0.041232025316402826	0.9563827514591129	0.0004426150058155438	0.001783460713835577
i	i	2.7944907018065495e-05	0.007576533596229699	0.9920913527318677	7.287819930366727e-05	0.0002312905655808804
i	i	1.2541506426449187e-06	0.002000154055403216	0.9979542883763093	1.3197335143012398e-05	3.110608250200144e-05
i	i	0.00016604057822094617	0.03379744221301512	0.9614266400906327	0.0006879952639608628	0.003921881854170275
i	i	2.2787222426862224e-05	0.004525546867426143	0.9939303775961077	0.0002121348926192812	0.0013091534214200475
o	o	0.09378829683606837	0.0032428457679990834	0.004112852652321105	0.8085650790326422	0.09029092571096914
o	o	0.009803138849355233	6.219996041760092e-05	1.7500577905023693e-05	0.887561900306186	0.10255526030613596
o	u	0.00024653955078799816	0.0005791132676791487	0.002147932485105983	0.048753558896357074	0.9482728558000699
o	o	0.14390677578377814	0.014457665935470179	0.0030727565036934718	0.7851885579992408	0.05337424377781729
o	o	0.38444155660783097	0.018902896679040642	0.004550877872852527	0.5848607362733363	0.007243932566939382
o	o	0.31460499430994326	0.010424366097582585	0.0020177231908731566	0.6481242094524761	0.024828706949124816
o	o	0.032384313824434165	9.401655683894396e-05	2.0226264651890517e-05	0.7059117349425061	0.26158970841156903
o	o	0.0218299030865612	0.03634515100333983	0.012731373148206625	0.7682599291220088	0.16083364363988356
o	o	0.3226334585948489	0.006923212337044677	0.002046581698643331	0.6441697062248674	0.02422704114459579
o	a	0.6102190736644165	0.007580296724884095	0.0016520786348961506	0.36983476552004	0.010713785455763238
o	o	0.16399728351143822	0.017108059432325927	0.0027726808595573064	0.7931944215940605	0.022927554602618055
o	o	0.4369907988221156	0.018086151118561454	0.005280860235270511	0.4941983137362864	0.04544387608776591
o	e	0.02469279513200892	0.8007811239735996	0.15033501048561518	0.0070694572674837594	0.017121613141292676
o	o	0.07628664164872101	0.0012644728780255865	0.0003223661431553131	0.9168767332248381	0.005249786105260017
o	u	0.00018015843313961394	0.0007336156036314374	0.0023801832755934965	0.3952774610145324	0.6014285816731031
o	o	0.0031389553151056375	0.00028102484232781324	0.0003221664868359525	0.9109282589621187	0.0853295943936119
o	u	0.01897906943991951	0.058634956791200364	0.02167949054234798	0.03343709596307447	0.8672693872634577
o	o	0.032983100845578116	0.0027293716052277255	0.0008137596340276025	0.9492607080158232	0.014213059899343352
o	o	0.012496512068513667	0.0038516397623250855	0.003172216171987661	0.764798509083329	0.2156811229138447
o	e	0.3627184263702494	0.5949933479617193	0.01693577486289821	0.02286009884056654	0.0024923519645665346
ɔ	o	0.003968195260461107	4.190375754342151e-06	8.298290967184809e-06	0.9893518295441343	0.0066674865286830715
ɔ	o	0.37607156043545825	0.0014443316128305219	0.00046742390247136333	0.5979196556466989	0.024097028402540955
ɔ	a	0.9832932793677346	0.0032946642555393593	0.00024325117626896169	0.012895125314126916	0.00027367988633031316
ɔ	o	0.0026755157140301703	3.799029743101014e-08	1.9795045929317265e-07	0.9855536302628187	0.011770618082394635
ɔ	a	0.8448601181450335	0.0018775969943090262	0.0004133838865770218	0.15099959143034375	0.001849309543736775
ɔ	u	0.005534705699465968	0.00021425388179300875	8.21411077281942e-05	0.3057029814916002	0.6884659178194126
ɔ	a	0.8653972663997246	0.008339558960756568	0.0017335061910703673	0.12224598469879258	0.002283683749655802
ɔ	o	0.01743556703542548	1.117283621101905e-05	3.037791038396032e-05	0.9443660067368901	0.03815687548108956
ɔ	o	0.0001777784185565126	5.409067294565137e-07	2.0332803061039305e-06	0.983048588292685	0.016771059101722656
ɔ	a	0.8735005893441578	0.00031016098364187815	9.37846072428471e-05	0.12571744063820509	0.00037802442675258317
ɔ	a	0.8764454558143262	9.932088475176165e-05	7.181316849857886e-05	0.12281305638658309	0.0005703537458404136
ɔ	o	0.05363846499726227	3.9673605749976686e-05	0.000152265393456914	0.933732842797942	0.012436753205588883
ɔ	o	0.3109767057846581	9.971860319785547e-06	3.6661383754039444e-05	0.6884297756803601	0.000546885290908103
ɔ	a	0.9640769593748617	0.004972716523007909	0.00047940210514209634	0.030119427333601522	0.0003514946633868492
ɔ	a	0.8365900398192204	0.0921208863480007	0.004152305732884026	0.06385389065803838	0.0032828774418565783
ɔ	o	0.0641341141116921	4.9053816315358435e-05	7.535655076341952e-05	0.9286551648638787	0.007086310657350496
ɔ	a	0.8982757753303245	0.03768869958562829	0.0034745135486789714	0.058181568057490314	0.00237944347787787
ɔ	o	0.0282973237221921	6.134895965554678e-05	5.290053280941321e-05	0.967951994068698	0.0036364327166448743
ɔ	a	0.9845964177833958	3.330127878682924e-05	5.847280669232003e-06	0.01534359898868385	2.0834668464263432e-05
ɔ	o	0.3277584228856236	0.0006707848119388596	0.0005575238784760472	0.6608451385868522	0.010168129837109218
u	o	0.006031591170982453	0.0004209640321749689	0.00014914037450561215	0.7133270411729495	0.28007126324938736
u	o	0.002650444847137903	0.00037708168443394526	0.00023568802868069775	0.7303113938568752	0.2664253915828722
u	o	0.0031396507609239297	0.0042449385390414835	0.004578349127995807	0.5871939025945278	0.40084315897751105
u	o	0.00802715103431467	0.0005465298564561829	0.00025314094019583005	0.7134876887161624	0.2776854894528709
u	u	8.536611865842856e-06	1.3499284307797108e-05	1.7996221947721078e-05	0.041208043322991605	0.9587519245588869
u	o	0.02448311995622276	0.0038211066425889798	0.0019208421411316212	0.8104744832706675	0.15930044798938917
u	o	0.10105518814132365	0.010445313201872463	0.00305906105112547	0.8062955870986375	0.079144850507041
u	o	0.15223363663649142	0.0316006754505927	0.008480831328926654	0.7273735397134701	0.08031131687051916
u	u	0.000978919601127935	0.0009427698680640479	0.001577126794034497	0.21109985710458984	0.7854013266321836
u	u	0.001089274629618231	0.0114443271954873	0.1594742853584233	0.052145933143131665	0.7758461796733395
u	u	0.0001521409815606094	0.00046603993019553287	0.001250603512078975	0.05185899919598573	0.9462722163801791
u	u	0.001939862901956274	0.0021969249539871578	0.0007766676260110612	0.3740952497431551	0.6209912947748905
u	u	0.00028957942227644156	0.0014391767781903252	0.02898247123601201	0.05265813679085441	0.9166306357726668
u	u	0.004738061984962746	0.0036133570687336886	0.0022951515909933524	0.4646153460006499	0.5247380833546604
u	u	0.0008047662393319446	0.0003940677816442835	0.0004719273506953805	0.25402053257939816	0.7443087060489302
u	u	2.7042175508406246e-05	8.50425962693406e-06	2.2366681957428054e-05	0.342432287200258	0.6575097996826491
u	u	0.01274745381785387	0.017249666079612678	0.00500031224328693	0.19121494869755495	0.7737876191616916
u	o	0.011515216861387817	0.004420351289693862	0.0037262645526292115	0.7940296166721261	0.186308550624163
u	u	0.00019714703078679429	0.00016323943259867823	0.00022780577425640425	0.131018028141236	0.8683937796211222
u	u	0.0003587445321355876	0.00013581219617702536	8.393047978474159e-05	0.47353543522636776	0.5258860775655348
ɛ	a	0.5464431660905001	0.30611975044183104	0.02224510227078176	0.053918322351137436	0.07127365884574971
ɛ	e	0.47578677542565434	0.5186264684852584	0.0023730086610590003	0.003138373980526247	7.537344750204125e-05
ɛ	a	0.7910486528857166	0.20206418868519085	0.005393846682251402	0.0012109835337932092	0.000282328213047992
ɛ	a	0.8953242552437163	0.09920514359266248	0.0030685054823663504	0.002160572663980237	0.0002415230172745036
ɛ	a	0.7374949737266835	0.23229914353135855	0.009764207458276313	0.019827818055085312	0.0006138572285962107
ɛ	e	0.0547780579221304	0.85942247259915	0.0582495082677931	0.023735687458304865	0.0038142737526218238
ɛ	a	0.5644390275285814	0.42266807156381786	0.006667147693679558	0.005470375371119074	0.000755377842802017
ɛ	a	0.9474326923830201	0.04605459908772046	0.002077125016800022	0.003906373481556277	0.0005292100309030862
ɛ	e	0.38392213019176163	0.572158407383248	0.03412939044715657	0.006294173650256198	0.003495898327577572
ɛ	a	0.5741744992043694	0.4189562319704171	0.004247401814529156	0.0023870252754896624	0.00023484173519461725
ɛ	i	0.002437740236730196	0.22746421469494726	0.7609274344267922	0.006171841541645868	0.0029987690998844615
ɛ	a	0.9122739448903974	0.08082484257169753	0.0024465501615893704	0.0041284221236282306	0.00032624025268752064
ɛ	e	0.12919067830973205	0.8524041456854362	0.015004437222284868	0.0033335196075629583	6.721917498398124e-05
ɛ	u	0.09326190401877768	0.020307639720761227	0.006075234368725142	0.4286915826227583	0.45166363926897757
ɛ	a	0.5627304472038437	0.43371204449396733	0.003416486542845338	0.0001320857296762634	8.936029667331853e-06
ɛ	e	0.2511885123531441	0.7385131184230845	0.0049144804120793565	0.0050360456760956815	0.0003478431355962571
ɛ	e	0.30856078047190943	0.6219836303105651	0.03947757311347626	0.012510982918182086	0.01746703318586705
ɛ	a	0.6417836655007557	0.3570706120093247	0.0010398174934378287	0.00010519716645637705	7.078300252424774e-07
ɛ	a	0.6677676990594996	0.3284153428413304	0.0030939645839911513	0.0006506772456067111	7.231626957226913e-05
ɛ	a	0.6102654818960682	0.20373800407642703	0.016445002895600642	0.13121700537547595	0.038334505756428126
ɛ	e	0.23300845943742432	0.7230248184198523	0.028182002746733475	0.00805152875053853	0.0077331906454512515
ɛ	e	0.13293711949634907	0.7803628062747391	0.07152899155413336	0.010220891375675528	0.004950191299102867
ɛ	a	0.805192543353039	0.19103603180923015	0.003222668493520609	0.0004686703665042865	8.008597770607466e-05
ɛ	a	0.5231792659257677	0.4596594940773512	0.010063215724528021	0.006350877716182781	0.0007471465561703137
ɛ	a	0.6485658576149808	0.0886752231729528	0.007447937373512285	0.16954146440376663	0.08576951743478756
ɛ	e	0.3149333592766765	0.6154476874327406	0.03191908426972885	0.013580634604859042	0.024119234415994978
ɛ	a	0.5039749801832791	0.42736910237149683	0.05232079291885602	0.008791207920459083	0.007543916605908951
ɛ	a	0.9875688290504853	0.006019025864771126	0.0005832877867758551	0.005049103295645607	0.0007797540023221078
ɛ	a	0.732127231284225	0.23311376307549989	0.012714511229031106	0.011707475654143257	0.010337018757100799
ɛ	e	0.058288815072977763	0.9093073793780101	0.022121656454840787	0.009677231848054007	0.0006049172461175469
ɛ	e	0.22794477476055627	0.7606275098198964	0.008543668159201422	0.0024356022735609736	0.0004484449867849518
ɛ	a	0.7645594638262097	0.16309760057537262	0.013316744333492224	0.04793486708599676	0.011091324178928696
ɛ	e	0.03244332698132053	0.6854174959506389	0.1259778867993345	0.08251261848614684	0.07364867178255932
ɛ	e	0.22626505136843436	0.7709741944023486	0.0026122860955145005	0.0001393916050070972	9.076528695350943e-06
ɛ	e	0.27697892294003357	0.7064765349367343	0.011556729736278927	0.004127086624112213	0.0008607257628409393
ɛ	e	0.14339478676529724	0.8507843361385123	0.004960631833678664	0.0007682386245530878	9.20066379585797e-05
ɛ	e	0.1356812027267394	0.8374604222435397	0.016912977542696668	0.009083296330919944	0.0008621011561043719
ɛ	e	0.09476230825665037	0.8946312190758727	0.007798580120044566	0.002735523535715964	7.236901171622196e-05
ɛ	e	0.13690671711113628	0.8205485344364489	0.03586507432955126	0.006013166170080978	0.0006665079527824505
ɛ	e	0.3667012147270368	0.6296291006206597	0.0031117827056591748	0.0005150480460257669	4.285390061849918e-05
a	a	0.9547980756330448	0.04131595731254352	0.0014728748987529422	0.0023294556063797414	8.363654927912381e-05
a	a	0.9509019863963013	0.04522544894335693	0.0018624147307727597	0.0018786677398442027	0.0001314821897246827
a	e	0.14886126649725126	0.6127875950983444	0.006558821990707892	0.164362493325518	0.06742982308817835
a	a	0.9902483789979325	0.004992212337564664	0.0001401857539408191	0.0045343073350453626	8.49155755164995e-05
a	a	0.979280731035909	0.01839147880134401	0.0013499588334409743	0.0009248638522777426	5.2967477028251863e-05
a	a	0.9530895822986388	0.03933648648261428	0.00262382036558877	0.004452528808237166	0.0004975820449209813
a	e	0.17670534898789442	0.5676225988588692	0.03128369844204981	0.15543141383349177	0.06895693987769476
a	a	0.5089808060369158	0.45056874437047756	0.018816004197686163	0.015270560208322083	0.006363885186598533
a	a	0.9450053385071912	0.026278076887213793	0.0024810161701990133	0.0248242540841006	0.001411314351295586
a	a	0.8725753309086732	0.08357813964464023	0.0018849599223196166	0.04141460568998753	0.0005469638343794345
a	a	0.9714328256390744	0.024636537173526644	0.0022276126124206506	0.0015415778836410236	0.00016144669133723904
a	a	0.9224272957576273	0.07468047783305959	0.0016961500192398885	0.0009742565522301197	0.00022181983784292912
a	e	0.27380423047384583	0.5287251318318649	0.13923493846153168	0.02522308155439349	0.0330126176783639
a	a	0.819692769534162	0.1684238857503588	0.005033539690335226	0.006062107903012399	0.0007876971221316456
a	a	0.836520156081876	0.07392294340976745	0.005575547619763825	0.04287617385427972	0.04110517903431295
a	a	0.7519894709613636	0.187808783178377	0.0087361572103197	0.04962804241148913	0.0018375462384506317
a	a	0.5242341735745297	0.46310456079180307	0.0050269610470449555	0.007123254153006117	0.0005110504336159241
a	a	0.8857746960507197	0.01100144576353237	0.001191822003700105	0.0854539208742135	0.016578115307834335
a	a	0.9284024215311109	0.06056797130376947	0.004500983252225548	0.005969122889365188	0.0005595010235288344
a	a	0.8049835778963922	0.07405402054765489	0.005196599555295955	0.10807861473877205	0.007687187261884948
e	i	0.006205925145409867	0.3272418624607226	0.6541191020166036	0.0037494626082840562	0.008683647768979797
e	e	0.02949229668512053	0.9227315992702215	0.04129955119279921	0.004730942188749838	0.0017456106631088262
e	e	0.008865008110646992	0.6186515308432573	0.2767087404491072	0.013540258314866195	0.08223446228212235
e	i	0.0008245608858452753	0.022612705332554092	0.9723575258636016	0.0004969722722319058	0.00370823564576716
e	e	0.14846952075847195	0.6612399294968261	0.037519572475784885	0.10600911277872169	0.04676186449019541
e	e	0.11027349931795523	0.6655322047112392	0.1947657314337691	0.012136893688497113	0.0172916708485394
e	e	0.098231525042041	0.8938805661811159	0.006970303607299768	0.0009026767793995642	1.492839014378087e-05
e	o	0.1284803900045964	0.16572997769763378	0.29516084532105785	0.34243508525767513	0.0681937017190368
e	e	0.021707853916954213	0.5381576072720601	0.0735564273513121	0.04350203736035446	0.3230760740993192
e	e	0.010824611111199674	0.8271846039230353	0.1536307110849891	0.003457352469550234	0.004902721411225655
e	e	0.03934476767075996	0.9301780027976637	0.024040309014290013	0.00604805977769804	0.00038886073958837957
e	e	0.041736287892786446	0.880698303615986	0.016756371100459248	0.033122347540681225	0.02768668985008708
e	o	0.022581635378079785	0.006035753311990989	0.0018856156585867001	0.9441714266641893	0.02532556898715305
e	a	0.9052124070807066	0.0024816861809872953	0.0003227513538769987	0.09041712337259061	0.0015660320118385288
e	i	0.0018173269037338395	0.06642865587757732	0.9011029133523003	0.0027140456152733934	0.027937058251115105
e	e	0.08431533948585439	0.8982761802914969	0.01600713895730407	0.0012261582411422344	0.00017518302420230667
e	a	0.5285842195177535	0.374810369977304	0.004285663308491386	0.046381873376444095	0.04593787382000695
e	o	0.41977902724907823	0.0006654089535040732	0.0003310132807659475	0.5769385649941016	0.002285985522550172
e	e	0.02429444982569733	0.7067820643167392	0.2602212415206759	0.0056530683339853635	0.0030491760029023145
e	e	0.04287565766760536	0.781005595715407	0.14784527013222662	0.010441123726525288	0.017832352758235744
ɔ	o	0.16695614320307184	0.0019291478119903955	0.0012248037309173995	0.8043197943576839	0.025570110896336505
ɔ	a	0.9834403983671082	0.015284070240931199	0.0002384275676147995	0.0009960963362053651	4.1007488140399855e-05
ɔ	a	0.8232026814755177	0.0038172679951499378	0.000557879967201436	0.1697685618108549	0.0026536087512760414
ɔ	a	0.7145287242293873	0.04397115402816356	0.00723687714728652	0.19203694375081984	0.04222630084434295
ɔ	a	0.7121314228680085	0.0007234854101565633	0.00020988051927307716	0.28148340675481376	0.005451804447748251
ɔ	u	0.002648009444442688	0.011152363607360728	0.002818298478364434	0.15429101463720696	0.8290903138326252
ɔ	a	0.89669274108994	0.003480180669381071	0.0004800366278858189	0.09547890522104845	0.003868136391744709
ɔ	a	0.7902195948243675	0.009787930801256069	0.0017573952300353897	0.1863040160920777	0.011931063052263147
ɔ	a	0.6894162779354259	0.006204353838816386	0.0015512345430453935	0.2927104648023722	0.010117668880340071
ɔ	a	0.8872950052414812	0.015729874133070604	0.0023075662175569226	0.08268405446835864	0.011983499939532667
ɔ	a	0.9705331281791849	0.00030850795100017484	3.4970642748519324e-05	0.028891688603884906	0.00023170462318139934
ɔ	o	0.26087584928997165	0.0011587457470703362	0.0002789803646995019	0.6127956688863941	0.12489075571186435
ɔ	a	0.9227457873396582	0.0002278365476012136	4.2066297794984784e-05	0.07615641072999595	0.0008278990849497627
ɔ	o	0.17492025339673542	0.015391217828632788	0.0036644834907151227	0.7835099063411815	0.022514138942735244
ɔ	a	0.9389392194189664	0.00696181385180608	0.0008984959474835131	0.04797108276877007	0.005229388012973733
ɔ	a	0.7922573885303165	0.0008516673846303214	0.0001795111584164688	0.200071166984013	0.006640265942623855
ɔ	o	0.09632279601922106	0.01052623371058312	0.003692720981120765	0.7840463387522447	0.1054119105368305
ɔ	o	0.025729592830630563	0.00106217123315217	0.0008498865527523132	0.9069656240916235	0.0653927252918414
ɔ	a	0.9717638371406243	0.002978524724382504	0.00019610654091968977	0.024352640190616504	0.0007088914034568597
ɔ	a	0.5730173720583649	0.07197027423796659	0.004210934687091704	0.3398773606856279	0.010924058330948831
u	o	0.09121775865425817	0.10051612820153327	0.2716370234493963	0.43564461372963253	0.10098447596517973
u	u	0.006690978705019695	0.041153066674168515	0.024638971834829132	0.06724539418265485	0.8602715886033279
u	u	0.0006140957338731588	0.014995520539043617	0.012970950489461683	0.1216831121376685	0.8497363210999531
u	u	0.0014991685498732116	0.01671989117603667	0.03537168063270944	0.06135574023041925	0.8850535194109613
u	u	0.00044763842060855773	0.007670836147794811	0.16352953729652006	0.04067545769520028	0.7876765304398764
u	u	0.001275358010604211	0.024385674729955203	0.013312986211344177	0.0287265217563691	0.9322994592917272
u	u	0.000967419808475896	0.00257842682350745	0.011222579605135763	0.10707242404150683	0.8781591497213741
u	u	0.0018013590317703145	0.011464312368249133	0.033546499925698525	0.0676051186710567	0.8855827100032253
u	u	0.004338976675174418	0.0166871814633279	0.01191430301904253	0.13206943814528543	0.8349901006971696
u	u	0.005282608567479287	0.05106178089709939	0.04467876343007368	0.08657804197702795	0.8123988051283197
u	u	0.0018925672640609115	0.017235925569588348	0.05212851441138627	0.10200715417736791	0.8267358385775967
u	u	0.00932645012262809	0.029291394992779347	0.009535247505933951	0.09663442108005606	0.8552124862986026
u	u	0.002147200390523691	0.012246363991171225	0.05026521370974809	0.025390782963197238	0.9099504389453598
u	u	0.0006745503603536657	0.008729585783054411	0.008607084356667143	0.03465813954973715	0.9473306399501876
u	u	0.0004471500173991558	0.0018404527590626806	0.0049999046458708675	0.013265993653501429	0.9794464989241659
u	o	0.1447568192791439	0.11021609845132577	0.17786919393880982	0.4865553251722131	0.08060256315850742
u	u	0.003417204570401937	0.029118736336316363	0.06321419475344837	0.08544193868517358	0.8188079256546598
u	u	0.00027097584330592267	0.0005772863415975954	0.0011051585861984888	0.051064454173235484	0.9469821250556626
u	u	0.0009014361025820493	0.012849950169116832	0.018448370307706772	0.07661924378675415	0.8911809996338403
u	u	0.0019149597391878682	0.02137308466740985	0.03494125488229671	0.06120165276615407	0.8805690479449515
i	i	0.0002375579020527983	0.05279488267459958	0.9195598273396975	0.002351922613521821	0.025055809470128396
i	i	0.0006442646898973186	0.036562176598608866	0.95777939300879	0.0017008796857233594	0.0033132860169804374
i	e	0.002370941946093383	0.5921280416930538	0.31466916870235506	0.0246667668764305	0.06616508078206719
i	i	0.0013303994557081267	0.03951821260577293	0.8862810071640593	0.013079906911447893	0.05979047386301173
i	i	0.0017186032022658401	0.1382580318390517	0.8411438684784394	0.0031327528829913913	0.015746743597251766
i	i	0.001505346248284661	0.07244096507265203	0.8735789207327643	0.008318732014479123	0.04415603593181991
i	i	4.8039613983169535e-05	0.0038546331067844356	0.9640616072176114	0.0008867410877036544	0.031148978973917343
i	i	0.00394549043316187	0.17388062999314866	0.6663985797245916	0.02711002005924116	0.12866527978985673
i	i	0.005944908730825612	0.33431873569017273	0.5766605644004449	0.015464422190339111	0.06761136898821785
i	i	0.00034566327253067556	0.034239301833757126	0.9579388842135016	0.0009786694168890254	0.006497481263321657
i	i	0.004390345103407829	0.14621137235703247	0.8018343065000687	0.007707840921078263	0.03985613511841285
i	i	7.157063322300514e-05	0.010915510210810428	0.9858110450498333	7.721067319467604e-05	0.0031246634329387245
i	i	2.3720874368904608e-05	0.007410760867229226	0.9798634057071967	0.0004523358574757444	0.012249776693729437
i	i	0.00017589583092673155	0.06242330710662302	0.9320400660331012	0.0004250424542230403	0.004935688575125981
i	i	2.766859912533808e-05	0.0044737922852657545	0.991415404983006	0.00019887486922263973	0.003884259263380324
i	i	0.00022592324778295957	0.02911989925330272	0.9674593235170188	0.0009263173278422352	0.0022685366540533213
i	i	0.0023871822628377917	0.12320039799737824	0.7599847095754086	0.009039900616071898	0.10538780954830324
i	i	0.00012709005983372075	0.02615642781225142	0.9410933412472234	0.0021711070841122816	0.0304520337965791
i	i	0.0015924209626890617	0.09188253880682698	0.8894773913786075	0.0032108445042483306	0.013836804347628193
i	i	0.003374476160176392	0.16046418111445565	0.7361514780699658	0.017056524556765394	0.08295334009863649
o	u	0.014937615934400239	0.09804422352939499	0.16940192850209912	0.22373246922649248	0.4938837628076131
o	o	0.31455449622254045	0.10429482981387546	0.012739408413031596	0.476834129752604	0.09157713579794849
o	u	0.0030603292377636097	0.008006656616558984	0.00637377779856403	0.2039581400263021	0.7786010963208111
o	o	0.001598931004897839	0.0005161101540698767	0.0001914115172041784	0.858767120255658	0.1389264270681699
o	a	0.7729461449784574	0.10323505510164284	0.018811014274938816	0.04504831965900367	0.059959465985957285
o	o	0.0010050741378448205	7.087767379188258e-05	2.9327603798978652e-05	0.9582210612735345	0.04067365931102977
o	o	0.15622392517741426	0.028065139233988016	0.0038786726098547436	0.6528965184799503	0.15893574449879252
o	u	0.000967809696608327	0.020410394470383595	0.015946161142744986	0.05644648768124557	0.9062291470090174
o	o	0.2696573661616816	0.000761552102551414	0.00047395968034254405	0.7119822589978799	0.01712486305754457
o	u	0.0005735833766664611	0.007662833544139315	0.040588225414374006	0.0561004946632244	0.8950748630015958
o	u	0.0020511125710193155	0.04000761918100754	0.21846859495227275	0.05560715499769939	0.6838655182980011
o	u	0.008276535552078391	0.02171255319506836	0.013738857213662484	0.12884926195680738	0.8274227920823833
o	e	0.3478234257523524	0.3839352239089169	0.04770421902932733	0.1651433068077873	0.055393824501616076
o	u	0.00625708382432945	0.07670404683255676	0.23295382252548413	0.07960926001373023	0.6044757868038995
o	o	0.004344700824963607	0.0008615561822951111	0.0003245412008367169	0.5820092894962771	0.4124599122956275
o	o	0.03615535796869812	0.03575631343008893	0.0026220808911002432	0.8891009976397981	0.036365250070314645
o	e	0.1341488291104384	0.4249659887618038	0.035155049882340354	0.283930992113602	0.12179914013181545
o	u	0.00013433473794682022	0.004458217220375371	0.01417525643450223	0.05245078957967628	0.9287814020274994
o	u	0.0009357633107983839	0.03191561925565039	0.1660457058072237	0.042825860561599906	0.7582770510647276
o	o	0.04163524540564646	0.011694075611002027	0.004585668658439046	0.8692696980666715	0.07281531225824103
e	e	0.04310475627542725	0.8675188112664968	0.06404955425997796	0.014792993812406277	0.01053388438569183
e	e	0.23232580057796967	0.6933885234309372	0.0051038307940698534	0.0622042717739185	0.006977573423104862
e	i	0.00045198388007722555	0.03987188114410039	0.9557095403479909	0.000633908637862523	0.0033326859899687504
e	e	0.033786893988226444	0.8796958611481762	0.08377867630093797	0.0020680272427116434	0.0006705413199477319
e	e	0.031501450728824286	0.9299391429548648	0.024380457140719007	0.01347252130705865	0.0007064278685333002
e	u	0.0012181987786009818	3.6343585289303975e-05	1.3436875954758398e-05	0.498225497140278	0.500506523619877
e	e	0.14669614699449468	0.8033829768048215	0.032155578616843795	0.012308521027535425	0.005456776556304563
e	e	0.013113408144352526	0.9329307431478869	0.05144411348616071	0.0019184913008049335	0.0005932439207948346
e	e	0.10468406194171148	0.810459228240093	0.07763706774591168	0.003877579897400693	0.0033420621748831564
e	o	0.029390922690031043	0.0028484250205460574	0.0006419899923029811	0.9028281694204949	0.06429049287662511
e	e	0.03925283684421137	0.9184535408196868	0.029243537823347383	0.00961615283975994	0.003433931672994551
e	e	0.025900758672181206	0.8761997326314848	0.09239821599563956	0.003200131614647777	0.0023011610860467027
e	e	0.2981352086584241	0.6701252023977747	0.019549990439312	0.010578238439869433	0.0016113600646198488
e	e	0.04609462246710483	0.9279264545415082	0.02424904078716561	0.001607578869886744	0.00012230333433459385
e	e	0.06395661225667999	0.8855874743510622	0.04593190465704889	0.004144641318927121	0.0003793674162817947
e	o	0.10288451989610788	0.10037554088022098	0.005449956207317724	0.747327949919844	0.043962033096509444
e	a	0.796615540928308	0.08287712380267606	0.007150537615984135	0.10325808215722548	0.010098715495806444
e	o	0.11444224956505797	0.0004419708109493147	0.00021486930065938293	0.8776446371705874	0.007256273152745923
e	e	0.2588029577222772	0.40405150412328517	0.013372241393072573	0.30237316647951845	0.021400130281846657
e	o	0.10730288650909038	0.2727748697739042	0.008407906534687625	0.5694174990727655	0.042096838109552226
i	i	0.0014421637168359138	0.06651887340212352	0.9142023758515799	0.000527348997864586	0.017309238031596005
i	e	0.0014033985502318457	0.5302744818178572	0.4578670855743339	0.0008975444460430524	0.009557489611533986
i	i	0.0001661547759252553	0.029082688783983603	0.9007508233982265	0.0027977070315709884	0.0672026260102937
i	i	0.0016211909746018415	0.25393415184159346	0.7238520582464802	0.004686685977928993	0.015905912959395405
i	i	0.00023952135211365393	0.2703585439761834	0.7164483833602533	0.0017090303264439808	0.011244520985005703
i	i	0.000951364409962536	0.03439666812566457	0.9579417781994025	0.0009159594058080955	0.00579422985916248
i	e	0.026851418023156645	0.7673040580601124	0.20131630420399718	0.0028235522641069217	0.0017046674486267707
i	i	0.002598464225900405	0.06779695139702671	0.8621438602737217	0.01146092699460042	0.055999797108750804
i	o	0.10165585800336846	0.107331143894292	0.2288518700725385	0.47097702854486523	0.09118409948493578
i	i	0.00010940717713445965	0.01346767824782912	0.9536603446454781	0.0015443842706886375	0.031218185658869517
i	i	6.289421512009444e-05	0.21158021196456078	0.7865722252261018	0.0004100687323339134	0.0013745998618833403
i	i	0.00043626166066209135	0.12184955010249197	0.8741096187700526	0.0008101824125759947	0.0027943870542175954
i	i	0.00018538883885279507	0.02103012846530556	0.9783691065241522	0.0001554945178372698	0.00025988165385216257
i	e	0.026268458581927823	0.8470752985549842	0.11859441280283425	0.00542548483789326	0.0026363452223604118
i	i	0.0004861404000462257	0.0712609303365886	0.9273637686379003	0.00010988840966948834	0.0007792722157954397
i	a	0.7279185119826928	0.10438719293709289	0.0087331053151761	0.14862906712314852	0.010332122641889716
i	e	0.04262477438519384	0.45023067285644003	0.36850115742203393	0.022446108581098814	0.11619728675523329
i	o	0.11935551149375505	0.11813586546877403	0.2537483968323383	0.4346236190083621	0.07413660719677058
i	i	0.0045654492526470015	0.2356457411482488	0.7373421813478922	0.0036704054931625605	0.018776222758049486
i	i	0.006150589035215805	0.2381852023999999	0.743696365330798	0.0034970635452510486	0.008470779688735185
u	u	0.0003646305666913827	0.0014058318333497824	0.004139229355427367	0.08817542258448592	0.9059148856600456
u	u	0.00011120235776477836	8.959463137663431e-05	6.802583465789492e-05	0.38494056796817516	0.6147906092080255
u	u	0.0008387948237888499	0.005818134747645559	0.005844133198792548	0.0985645367731697	0.8889344004566034
u	u	3.268560566842081e-05	0.00026548532081952105	0.001011845041345421	0.03857101935924196	0.9601189646729247
u	u	0.00033197851686209335	0.0004267003271658972	0.0008833333996042281	0.19081716326050277	0.8075408244958651
u	u	0.0010223577359530509	0.005996542628677926	0.014791975076846925	0.11236971342897449	0.8658194111295476
u	u	0.0016162164413793818	0.004288827227414442	0.006399364152240208	0.18919129533657777	0.7985042968423882
u	o	0.0074540664901435755	0.001941232900621588	0.0008724919894104141	0.8167577577923832	0.17297445082744126
u	u	0.00468376284270241	0.005715851856035288	0.001999263567441945	0.12568829179777266	0.8619128299360477
u	u	0.013446687195131892	0.0076387708169596774	0.00445733674574693	0.42430455278072965	0.550152652461432
u	u	0.0038330893086670824	0.006415387126317442	0.002697827104348568	0.1240932945085154	0.8629604019521515
u	o	0.008431021977503356	0.0028797220890582086	0.002145438264193987	0.6718230175520533	0.3147208001171912
u	u	0.000364751866131629	0.0001598855407375382	0.00020601782602080123	0.1609562428775849	0.838313101889525
u	u	0.009418877654179671	0.07129720736304677	0.013361522987944003	0.10138908471335312	0.8045333072814764
u	u	0.0010982903621250732	0.0014269746728933202	0.0016402268773097963	0.15982919390376119	0.8360053141839107
u	o	0.06965807617000044	0.02100408944233886	0.004354671935253446	0.8278964088279247	0.07708675362448252
u	u	0.0014064809615169638	0.007794103152905967	0.023777595504839433	0.08136594209347617	0.8856558782872614
u	u	3.5921731388302404e-05	0.00019335239157859565	0.00037360792311102135	0.03694283456303964	0.9624542833908825
u	u	0.012737399059554403	0.004809048995059981	0.000558735150291711	0.22838599852807837	0.7535088182670155
u	u	3.1275021251217746e-05	4.479437185771062e-05	7.326614821237307e-05	0.1396215314211316	0.8602291330375471
a	a	0.9916752884226676	0.002055068498145515	0.0003108361754716253	0.004911117809643928	0.001047689094071349
a	a	0.9984894277513855	0.0014130815688622783	7.998395321490674e-05	1.6558021611911028e-05	9.487049253133174e-07
a	a	0.9989075598598125	0.0009162834353399438	7.711728000618218e-05	7.914868129842316e-05	1.98907435429203e-05
a	a	0.8942634787823524	0.03633448772965967	0.009385778867350382	0.04073763128464394	0.019278623335993724
a	a	0.6368909347512817	0.0015643658646900178	0.00040717385556624295	0.32092403519399715	0.040213490334465016
a	a	0.9037179008520325	0.0038097120340459686	0.000576023681484687	0.07968515137059276	0.012211212061844135
a	o	0.24220451143006164	0.0003808023143879149	0.0002715520047182633	0.749779812398456	0.007363321852376181
a	a	0.9915355344452699	0.007673021668414113	0.0004840938179190054	0.000284811014761145	2.2539053635738255e-05
a	a	0.9177294652870583	0.03419047846908622	0.0019079956308838224	0.038628360805864334	0.007543699807107316
a	a	0.9843236678306814	0.013910921994754431	0.0009795591541466209	0.0006251548681502852	0.000160696152267336
a	a	0.9600750575171203	0.008297636192174638	0.0019870893326182195	0.022065621713044627	0.007574595245042232
a	a	0.5955358799199305	0.041844909859646694	0.005963072258611228	0.26657180560428656	0.09008433235752485
a	o	0.1141048337318047	0.0032368306330460735	0.0007348773503913817	0.7599302338569586	0.12199322442779942
a	a	0.9942082025013254	0.0003844775627487833	6.535394714691095e-05	0.0048494717596471995	0.0004924942291316199
a	a	0.7279254786504434	0.04708074068773467	0.005796759555017171	0.20337822416693413	0.01581879693987058
a	a	0.9961937744479946	0.002517636076046385	0.0002412617488893803	0.0008751594068535919	0.00017216832021616464
a	a	0.962686695513312	0.01703046908930223	0.0009211242015249903	0.016766968347584395	0.002594742848276361
a	a	0.9972843429877448	0.00011665579051237877	1.464869118905743e-05	0.0023836567727950034	0.0002006957577588732
a	e	0.19069643742191644	0.7164129577395275	0.00827606739166822	0.07820576508233791	0.00640877236455004
a	a	0.9885148621173482	0.0091620095529683	0.00036118803024358517	0.001865980878499113	9.595942094104214e-05
o	o	0.1250517213731382	0.022091406724023394	0.003819327116970172	0.7589784337273573	0.09005911105851101
o	e	0.037771867518655786	0.49072295193234217	0.036400619816945576	0.22252274541519565	0.21258181531686088
o	u	0.007691259012052311	0.05955953501618906	0.051559123135059316	0.09187348087451562	0.7893166019621837
o	o	0.08482347588597798	0.2834783482529353	0.00945945286828909	0.5792955991671278	0.0429431238256699
o	o	0.06279662729382698	0.00043780126261526735	0.00011654919999902037	0.9117021366618494	0.024946885581709145
o	o	0.03336135137520524	0.026376788530857193	0.004002288086389815	0.8639812428766219	0.0722783291309258
o	o	0.024318324525621698	0.05442700089454294	0.0226252557901645	0.685310742999358	0.21331867579031297
o	o	0.05016322715704212	0.06110486954671864	0.0028377469926644957	0.8669321080821283	0.018962048221446565
o	o	0.02036370874351268	0.011358339867602315	0.001995370587063335	0.5638423744574432	0.4024402063443783
o	o	0.009236516627284603	0.0010447192554287636	0.00033365661451869894	0.9524718040361485	0.036913303466619383
